# timestamp tx ty tz qx qy qz qw
1753909157.427216 -0.002563 0.027605 -0.028328 0.002112 0.000004 -0.535135 0.844764
1753909158.193912 -0.002563 0.027605 -0.028328 0.002108 -0.000001 -0.535135 0.844764
1753909158.660522 -0.002563 0.027605 -0.028328 0.002097 0.000012 -0.535135 0.844764
1753909159.293809 -0.002563 0.027605 -0.028328 0.002175 0.000016 -0.535135 0.844764
1753909159.627100 -0.002563 0.027605 -0.028328 0.002197 0.000028 -0.535135 0.844763
1753909159.860491 -0.002563 0.027605 -0.028328 0.002223 0.000036 -0.535136 0.844763
1753909160.294096 -0.002563 0.027605 -0.028328 0.002201 -0.000008 -0.535136 0.844763
1753909160.527582 -0.002563 0.027605 -0.028328 0.002187 -0.000032 -0.535136 0.844763
1753909161.361239 -0.002563 0.027605 -0.028328 0.002153 -0.000045 -0.535136 0.844763
1753909161.594610 -0.002563 0.027605 -0.028328 0.002153 -0.000045 -0.535136 0.844763
1753909162.127998 -0.002563 0.027605 -0.028328 0.002153 -0.000045 -0.535136 0.844763
1753909162.461349 -0.002563 0.027605 -0.028328 0.002153 -0.000045 -0.535136 0.844763
1753909163.161478 -0.002563 0.027605 -0.028328 0.002153 -0.000045 -0.535136 0.844763
1753909163.661595 -0.002563 0.027605 -0.028328 0.002153 -0.000045 -0.535136 0.844763
1753909164.228393 -0.002563 0.027605 -0.028328 0.002153 -0.000045 -0.535136 0.844763
1753909164.528453 -0.002563 0.027605 -0.028328 0.002153 -0.000045 -0.535136 0.844763
1753909164.828503 -0.002563 0.027605 -0.028328 0.002153 -0.000045 -0.535136 0.844763
1753909164.961847 -0.002563 0.027605 -0.028328 0.002153 -0.000045 -0.535136 0.844763
1753909165.661877 -0.002563 0.027605 -0.028328 0.002153 -0.000045 -0.535136 0.844763
1753909165.861908 -0.002563 0.027605 -0.028328 0.002153 -0.000045 -0.535136 0.844763
1753909166.495222 -0.002563 0.027605 -0.028328 0.002153 -0.000045 -0.535136 0.844763
1753909166.561884 -0.002563 0.027605 -0.028328 0.002153 -0.000045 -0.535136 0.844763
1753909167.495892 -0.002563 0.027605 -0.028328 0.002153 -0.000045 -0.535136 0.844763
1753909167.562639 -0.002563 0.027605 -0.028328 0.002153 -0.000045 -0.535136 0.844763
1753909167.863011 -0.002563 0.027605 -0.028328 0.002153 -0.000045 -0.535136 0.844763
1753909168.596411 -0.002563 0.027605 -0.028328 0.002153 -0.000045 -0.535136 0.844763
1753909168.763068 -0.002563 0.027605 -0.028328 0.002153 -0.000045 -0.535136 0.844763
1753909169.263179 -0.002563 0.027605 -0.028328 0.002153 -0.000045 -0.535136 0.844763
1753909169.396539 -0.002563 0.027605 -0.028328 0.002153 -0.000045 -0.535136 0.844763
1753909169.463219 -0.002563 0.027605 -0.028328 0.002153 -0.000045 -0.535136 0.844763
1753909170.330020 -0.002563 0.027605 -0.028328 0.002153 -0.000045 -0.535136 0.844763
1753909170.463367 -0.002563 0.027605 -0.028328 0.002153 -0.000045 -0.535136 0.844763
1753909170.663385 -0.002563 0.027605 -0.028328 0.002153 -0.000045 -0.535136 0.844763
1753909171.163725 -0.002563 0.027605 -0.028328 0.002153 -0.000045 -0.535136 0.844763
1753909171.464105 -0.002563 0.027605 -0.028328 0.002153 -0.000045 -0.535136 0.844763
1753909172.064636 -0.002563 0.027605 -0.028328 0.002153 -0.000045 -0.535136 0.844763
1753909172.464841 -0.002563 0.027605 -0.028328 0.002153 -0.000045 -0.535136 0.844763
1753909172.831687 -0.002563 0.027605 -0.028328 0.002153 -0.000045 -0.535136 0.844763
1753909172.898380 -0.002563 0.027605 -0.028328 0.002153 -0.000045 -0.535136 0.844763
1753909173.432536 -0.002563 0.027605 -0.028328 0.002153 -0.000045 -0.535136 0.844763
1753909173.566085 -0.002563 0.027605 -0.028328 0.002153 -0.000045 -0.535136 0.844763
1753909173.966679 -0.002563 0.027605 -0.028328 0.002153 -0.000045 -0.535136 0.844763
1753909174.266861 -0.002563 0.027605 -0.028328 0.002153 -0.000045 -0.535136 0.844763
1753909174.400276 -0.002563 0.027605 -0.028328 0.002153 -0.000045 -0.535136 0.844763
1753909174.767217 -0.002563 0.027605 -0.028328 0.002153 -0.000045 -0.535136 0.844763
1753909175.700778 -0.002563 0.027605 -0.028328 0.002153 -0.000045 -0.535136 0.844763
1753909175.767460 -0.002563 0.027605 -0.028328 0.002153 -0.000045 -0.535136 0.844763
1753909176.367696 -0.002563 0.027605 -0.028328 0.002153 -0.000045 -0.535136 0.844763
1753909176.601133 -0.002563 0.027605 -0.028328 0.002153 -0.000045 -0.535136 0.844763
1753909177.168013 -0.002563 0.027605 -0.028328 0.002153 -0.000045 -0.535136 0.844763
1753909177.468098 -0.002563 0.027605 -0.028328 0.002153 -0.000045 -0.535136 0.844763
1753909177.734833 -0.002563 0.027605 -0.028328 0.002153 -0.000045 -0.535136 0.844763
1753909178.101614 -0.002563 0.027605 -0.028328 0.002153 -0.000045 -0.535136 0.844763
1753909178.768480 -0.002563 0.027605 -0.028328 0.002153 -0.000045 -0.535136 0.844763
1753909179.069043 -0.002563 0.027605 -0.028328 0.002153 -0.000045 -0.535136 0.844763
1753909179.403100 -0.002563 0.027605 -0.028328 0.002153 -0.000045 -0.535136 0.844763
1753909179.570142 -0.002563 0.027605 -0.028328 0.002153 -0.000045 -0.535136 0.844763
1753909180.437481 -0.002563 0.027605 -0.028328 0.002153 -0.000045 -0.535136 0.844763
1753909180.570830 -0.002563 0.027605 -0.028328 0.002153 -0.000045 -0.535136 0.844763
1753909180.937533 -0.002563 0.027605 -0.028328 0.002153 -0.000045 -0.535136 0.844763
1753909181.504222 -0.002563 0.027605 -0.028328 0.002153 -0.000045 -0.535136 0.844763
1753909181.670889 -0.002563 0.027605 -0.028328 0.002153 -0.000045 -0.535136 0.844763
1753909182.337523 0.006250 0.008109 -0.028388 0.002545 0.000518 -0.535049 0.844817
1753909182.570834 0.009394 0.000843 -0.028419 0.002566 0.000662 -0.535390 0.844601
1753909183.004247 0.014299 -0.008946 -0.028461 0.002530 0.000834 -0.540139 0.841572
1753909183.304296 0.015453 -0.007598 -0.028452 0.002893 0.000845 -0.574802 0.818287
1753909183.771029 0.015701 -0.008014 -0.028454 0.003063 0.001097 -0.612142 0.790741
1753909184.037721 0.017890 -0.016660 -0.028503 0.002983 0.001175 -0.611208 0.791463
1753909184.537737 0.020601 -0.026655 -0.028562 0.003116 0.001409 -0.618134 0.786065
1753909184.971075 0.019607 -0.024546 -0.028550 0.003345 0.001417 -0.662175 0.749340
1753909185.371106 0.020907 -0.035239 -0.028618 0.003268 0.001385 -0.661501 0.749936
1753909185.904473 0.022888 -0.052628 -0.028735 0.003418 0.001651 -0.661543 0.749898
1753909186.271181 0.022712 -0.054257 -0.028747 0.003718 0.001966 -0.682211 0.731144
1753909186.404527 0.021960 -0.053717 -0.028744 0.003553 0.001875 -0.699238 0.714877
1753909186.771221 0.022188 -0.053099 -0.028739 0.003612 0.001809 -0.708612 0.705587
1753909187.204592 0.021878 -0.065658 -0.028842 0.004395 0.002003 -0.708135 0.706060
1753909187.471275 0.021488 -0.069942 -0.028883 0.004776 0.002023 -0.722730 0.691111
1753909188.371356 0.019056 -0.082082 -0.029015 0.004845 0.002260 -0.759214 0.650819
1753909188.638043 0.018543 -0.085060 -0.029045 0.004781 0.002205 -0.760818 0.648943
1753909189.238521 0.015342 -0.105772 -0.029260 0.004629 0.002428 -0.761152 0.648552
1753909189.639073 0.014203 -0.116762 -0.029364 0.004249 0.002198 -0.759442 0.650558
1753909189.705835 0.013863 -0.119574 -0.029390 0.004249 0.002198 -0.759442 0.650558
1753909190.606508 0.010058 -0.145876 -0.029624 0.003982 0.001627 -0.759221 0.650818
1753909190.673223 0.009603 -0.150911 -0.029664 0.003982 0.001627 -0.759221 0.650818
1753909191.306754 0.007413 -0.167671 -0.029791 0.003671 0.001192 -0.758839 0.651267
1753909191.973558 0.004462 -0.190593 -0.029932 0.003176 0.000599 -0.758027 0.652215
1753909192.107046 0.003983 -0.194148 -0.029952 0.003160 0.000621 -0.757739 0.652550
1753909192.774521 0.000799 -0.214162 -0.030070 0.003368 0.000708 -0.757544 0.652776
1753909193.574774 -0.002398 -0.239374 -0.030234 0.003864 0.000950 -0.756214 0.654313
1753909194.174806 -0.005140 -0.257830 -0.030377 0.004264 0.001726 -0.758453 0.651712
1753909194.308152 -0.005827 -0.263806 -0.030429 0.004320 0.001814 -0.757910 0.652343
1753909194.574838 -0.007010 -0.271606 -0.030506 0.004884 0.002597 -0.757800 0.652464
1753909195.075122 -0.008881 -0.285261 -0.030650 0.004740 0.002441 -0.757758 0.652514
1753909195.308944 -0.010269 -0.294172 -0.030741 0.004463 0.002235 -0.758503 0.651651
1753909196.143787 -0.012703 -0.301963 -0.030803 0.003714 0.001200 -0.799589 0.600534
1753909196.510550 -0.015407 -0.310942 -0.030871 0.003709 0.001131 -0.799377 0.600817
1753909197.310757 -0.022481 -0.336093 -0.031048 0.003145 0.000907 -0.798843 0.601531
1753909197.710860 -0.025734 -0.348357 -0.031123 0.002938 0.000834 -0.799244 0.600999
1753909197.877572 -0.028055 -0.356512 -0.031172 0.002977 0.001050 -0.799141 0.601135
1753909198.444322 -0.031577 -0.369007 -0.031254 0.003228 0.001455 -0.798775 0.601619
1753909198.977718 -0.036620 -0.387620 -0.031391 0.003279 0.001457 -0.798403 0.602113
1753909199.411159 -0.037500 -0.389768 -0.031408 0.003380 0.001495 -0.823025 0.567994
1753909199.544524 -0.037478 -0.389742 -0.031407 0.003399 0.001539 -0.834065 0.551654
1753909200.378307 -0.044936 -0.403760 -0.031529 0.003296 0.001422 -0.853352 0.521323
1753909200.611837 -0.048258 -0.410434 -0.031581 0.003110 0.001388 -0.853550 0.521000
1753909202.045506 -0.068525 -0.450462 -0.031841 0.001395 0.001445 -0.854710 0.519101
1753909202.112181 -0.069939 -0.453212 -0.031853 0.001072 0.001428 -0.854843 0.518883
1753909202.545557 -0.073630 -0.460572 -0.031880 0.000811 0.001702 -0.861222 0.508226
1753909202.712236 -0.073506 -0.460460 -0.031879 0.000985 0.001592 -0.867595 0.497268
1753909203.212279 -0.073873 -0.460765 -0.031881 0.001613 0.001286 -0.901742 0.432270
1753909203.745651 -0.081508 -0.469046 -0.031928 0.001932 0.001160 -0.913696 0.406393
1753909204.479037 -0.096281 -0.485722 -0.032041 0.002203 0.001438 -0.913990 0.405729
1753909204.812386 -0.101601 -0.491665 -0.032082 0.002221 0.001435 -0.912645 0.408745
1753909205.112458 -0.109001 -0.499944 -0.032140 0.002286 0.001221 -0.912947 0.408071
1753909205.712712 -0.121864 -0.514652 -0.032234 0.001824 0.001386 -0.913312 0.407253
1753909205.812749 -0.122665 -0.515853 -0.032240 0.001824 0.001386 -0.913312 0.407253
1753909206.579601 -0.138447 -0.534355 -0.032324 0.001292 0.001093 -0.912851 0.408290
1753909206.846345 -0.141834 -0.538101 -0.032340 0.001292 0.001093 -0.912851 0.408290
1753909207.279770 -0.152729 -0.550675 -0.032402 0.001650 0.001374 -0.912818 0.408361
1753909207.546488 -0.158203 -0.557059 -0.032439 0.001902 0.001353 -0.912825 0.408345
1753909207.813255 -0.165005 -0.565271 -0.032488 0.001902 0.001353 -0.912825 0.408345
1753909208.380502 -0.175450 -0.577281 -0.032564 0.001984 0.001495 -0.912502 0.409066
1753909209.014340 -0.189562 -0.593917 -0.032673 0.002029 0.001601 -0.912220 0.409691
1753909209.547830 -0.200062 -0.605994 -0.032756 0.002063 0.001690 -0.911878 0.410452
1753909210.014630 -0.206874 -0.614050 -0.032815 0.002230 0.001819 -0.911595 0.411079
1753909210.181353 -0.211315 -0.619227 -0.032854 0.002431 0.001808 -0.911836 0.410544
1753909210.981625 -0.229166 -0.640253 -0.033014 0.002352 0.001769 -0.911697 0.410853
1753909211.381953 -0.231163 -0.642440 -0.033031 0.002429 0.001566 -0.927092 0.374824
1753909212.115918 -0.243672 -0.653542 -0.033130 0.002544 0.001545 -0.935640 0.352944
1753909212.282726 -0.247051 -0.656982 -0.033158 0.002566 0.001472 -0.934695 0.355439
1753909212.849878 -0.263518 -0.671887 -0.033298 0.003043 0.001431 -0.934889 0.354925
1753909213.183363 -0.275793 -0.682571 -0.033403 0.002530 0.001251 -0.934876 0.354964
1753909213.883680 -0.294381 -0.700092 -0.033542 0.002435 0.001307 -0.936849 0.349724
1753909214.283864 -0.293978 -0.699748 -0.033539 0.002576 0.001405 -0.953735 0.300635
1753909214.984190 -0.294408 -0.699634 -0.033541 0.003201 0.001387 -0.977952 0.208801
1753909215.050887 -0.294174 -0.699524 -0.033539 0.003228 0.001393 -0.980519 0.196393
1753909215.484421 -0.294013 -0.699379 -0.033538 0.003296 0.001488 -0.989562 0.144063
1753909215.784561 -0.305537 -0.702789 -0.033626 0.003660 0.001566 -0.990303 0.138864
1753909216.184747 -0.319169 -0.706735 -0.033735 0.003699 0.001373 -0.990492 0.137512
1753909216.918421 -0.321731 -0.707317 -0.033755 0.002983 0.001142 -0.996965 0.077782
1753909217.085164 -0.329335 -0.708363 -0.033812 0.004034 0.001054 -0.997036 0.076822
1753909217.618745 -0.352253 -0.711963 -0.034004 0.004207 0.001151 -0.997188 0.074813
1753909217.785490 -0.360773 -0.713449 -0.034078 0.004221 0.000872 -0.997013 0.077112
1753909218.152326 -0.375413 -0.715830 -0.034208 0.004470 0.000802 -0.997056 0.076542
1753909218.752604 -0.399991 -0.719974 -0.034424 0.004113 0.001168 -0.997031 0.076885
1753909219.019395 -0.410749 -0.721908 -0.034516 0.004124 0.001097 -0.997003 0.077246
1753909219.753069 -0.440034 -0.726791 -0.034660 0.001439 0.000848 -0.996931 0.078273
1753909220.386697 -0.462214 -0.730772 -0.034712 0.000666 0.000914 -0.996928 0.078316
1753909220.586790 -0.466529 -0.731557 -0.034719 0.000605 0.000827 -0.996889 0.078806
1753909221.320463 -0.498211 -0.737235 -0.034745 0.000486 0.000762 -0.996840 0.079431
1753909222.054137 -0.529241 -0.742524 -0.034813 0.001418 -0.000085 -0.996870 0.079047
1753909222.454323 -0.546406 -0.745822 -0.034867 0.001758 -0.000644 -0.996777 0.080199
1753909222.887857 -0.560561 -0.749024 -0.034911 0.001515 -0.001097 -0.996819 0.079680
1753909223.154647 -0.574827 -0.751469 -0.034949 0.001748 -0.000376 -0.996847 0.079322
1753909223.754926 -0.597224 -0.755449 -0.035037 0.002190 -0.000171 -0.996836 0.079462
1753909223.921670 -0.603689 -0.756579 -0.035065 0.002090 0.000386 -0.996920 0.078391
1753909224.455251 -0.626833 -0.760622 -0.035163 0.002034 0.000380 -0.996782 0.080138
1753909225.255623 -0.630760 -0.761175 -0.035179 0.001951 0.000260 -0.999998 0.000760
1753909225.422366 -0.630828 -0.761150 -0.035180 -0.002090 -0.000207 0.999918 0.012634
1753909225.989296 -0.639972 -0.759995 -0.035235 -0.003101 0.000122 0.996934 0.078188
1753909226.122692 -0.644180 -0.759243 -0.035261 -0.003233 0.000081 0.996895 0.078680
1753909227.356597 -0.685875 -0.752998 -0.035557 -0.003762 0.000503 0.996192 0.087108
1753909227.556690 -0.685236 -0.753106 -0.035552 -0.003855 0.000655 0.994357 0.106013
1753909228.156969 -0.688061 -0.752174 -0.035576 -0.004223 0.000561 0.982833 0.184450
1753909228.490457 -0.702546 -0.746769 -0.035711 -0.004448 0.000785 0.982815 0.184536
1753909228.990689 -0.721559 -0.739497 -0.035902 -0.004665 0.000897 0.982692 0.185186
1753909229.991153 -0.743326 -0.731190 -0.036122 -0.004693 0.001178 0.970018 0.242986
1753909230.257944 -0.747892 -0.728948 -0.036170 -0.004789 0.001061 0.965312 0.261053
1753909230.624780 -0.763214 -0.719808 -0.036349 -0.004933 0.001204 0.964892 0.262599
1753909231.591896 -0.796783 -0.701264 -0.036742 -0.004844 0.001135 0.963523 0.267581
1753909232.025430 -0.796294 -0.701327 -0.036737 -0.005121 0.001021 0.948364 0.317142
1753909232.225523 -0.800600 -0.698414 -0.036791 -0.005234 0.001056 0.941509 0.336946
1753909232.525663 -0.812958 -0.688253 -0.036980 -0.006414 0.001613 0.940752 0.339032
1753909233.025895 -0.826704 -0.677451 -0.037199 -0.005720 0.001303 0.940809 0.338887
1753909233.726220 -0.852253 -0.657363 -0.037580 -0.004953 0.001527 0.941249 0.337673
1753909234.159754 -0.867191 -0.645137 -0.037762 -0.003769 0.001454 0.941806 0.336132
1753909234.993475 -0.893812 -0.623849 -0.037990 -0.002779 0.000902 0.941468 0.337089
1753909235.226916 -0.896043 -0.621869 -0.038008 -0.002694 0.000790 0.934207 0.356722
1753909236.127334 -0.896744 -0.621452 -0.038012 -0.002673 0.000930 0.886551 0.462622
1753909236.294078 -0.896459 -0.621637 -0.038011 -0.003070 0.000959 0.880977 0.473148
1753909236.894356 -0.895859 -0.621982 -0.038006 -0.002952 0.001089 0.832169 0.554513
1753909237.261194 -0.895768 -0.621232 -0.038009 -0.002896 -0.000080 0.808010 0.589162
1753909237.527984 -0.895375 -0.622314 -0.038004 -0.002826 0.000149 0.781514 0.623882
1753909237.861472 -0.895205 -0.622082 -0.038004 -0.003140 0.000592 0.752018 0.659135
1753909238.061565 -0.895171 -0.622067 -0.038004 -0.003282 0.000840 0.744015 0.668154
1753909239.028680 -0.894786 -0.622549 -0.038000 -0.003488 0.001592 0.648089 0.761555
1753909239.528913 -0.894446 -0.622696 -0.037998 -0.003869 0.001767 0.596265 0.802777
1753909240.062494 -0.894360 -0.622786 -0.037997 -0.003743 0.002545 0.534950 0.844871
1753909240.395982 -0.894368 -0.622957 -0.037996 -0.003589 0.002718 0.502055 0.864824
1753909241.129656 -0.893612 -0.622600 -0.038000 -0.003498 0.002885 0.413225 0.910618
1753909241.596539 -0.893398 -0.622695 -0.038000 -0.003079 0.003009 0.358087 0.933678
1753909242.463608 -0.892758 -0.622683 -0.038003 -0.003078 0.003144 0.247973 0.968757
1753909242.730398 -0.892663 -0.622578 -0.038004 -0.002661 0.003003 0.212133 0.977233
1753909243.230630 -0.870224 -0.611920 -0.038206 -0.002799 0.003743 0.211625 0.977340
1753909243.397375 -0.866096 -0.610029 -0.038245 -0.002995 0.003816 0.210369 0.977610
1753909244.064351 -0.841698 -0.598472 -0.038484 -0.002949 0.004056 0.204086 0.978940
1753909244.297792 -0.842346 -0.598972 -0.038476 -0.002874 0.004104 0.190177 0.981737
1753909244.798024 -0.835491 -0.596886 -0.038537 -0.002681 0.004067 0.131707 0.991277
1753909245.264908 -0.816148 -0.591804 -0.038716 -0.002771 0.004122 0.131091 0.991358
1753909245.331605 -0.810337 -0.590177 -0.038768 -0.002774 0.003738 0.130413 0.991449
1753909246.265372 -0.775204 -0.580341 -0.039045 -0.002721 0.002993 0.130821 0.991398
1753909246.565511 -0.771778 -0.579560 -0.039069 -0.002555 0.002295 0.112569 0.993638
1753909247.032394 -0.771582 -0.579693 -0.039069 -0.002549 0.002348 0.052874 0.998595
1753909247.165789 -0.767496 -0.579352 -0.039089 -0.002479 0.002628 0.025083 0.999679
1753909247.832765 -0.741108 -0.578092 -0.039235 -0.002646 0.003030 0.025303 0.999672
1753909248.499742 -0.713475 -0.576458 -0.039470 -0.002384 0.004189 0.025871 0.999654
1753909248.666486 -0.707348 -0.576028 -0.039522 -0.002288 0.004100 0.026549 0.999636
1753909249.700299 -0.662523 -0.572933 -0.039795 -0.000884 0.002531 0.028238 0.999598
1753909249.867043 -0.655679 -0.572677 -0.039823 -0.001401 0.001698 0.025288 0.999678
1753909250.100484 -0.641597 -0.571625 -0.039869 -0.001347 0.001706 0.028481 0.999592
1753909250.967553 -0.630925 -0.572169 -0.039916 -0.000130 0.002489 -0.039250 0.999226
1753909251.100949 -0.624662 -0.572709 -0.039948 -0.000130 0.002489 -0.039250 0.999226
1753909251.534484 -0.617242 -0.573144 -0.039985 -0.000514 0.002463 -0.072412 0.997372
1753909251.834622 -0.617254 -0.573196 -0.039985 -0.000487 0.002614 -0.112474 0.993651
1753909252.034715 -0.614414 -0.573747 -0.039999 -0.000495 0.002777 -0.120561 0.992702
1753909252.701691 -0.588406 -0.580239 -0.040142 -0.000752 0.002881 -0.122267 0.992493
1753909253.335319 -0.585075 -0.581106 -0.040162 -0.000751 0.003012 -0.193279 0.981139
1753909253.702156 -0.572499 -0.586096 -0.040240 -0.000650 0.002984 -0.198257 0.980145
1753909254.102341 -0.556445 -0.592627 -0.040340 -0.000672 0.003117 -0.198297 0.980137
1753909254.169039 -0.552477 -0.594428 -0.040366 -0.000694 0.003124 -0.198544 0.980087
1753909254.402481 -0.546737 -0.596447 -0.040402 -0.000694 0.003124 -0.198544 0.980087
1753909255.169503 -0.515448 -0.609456 -0.040609 -0.000001 0.002877 -0.203583 0.979053
1753909255.469643 -0.515350 -0.609727 -0.040610 0.000043 0.002529 -0.241764 0.970332
1753909255.703084 -0.507313 -0.613863 -0.040663 0.000362 0.003153 -0.242946 0.970035
1753909256.236665 -0.489325 -0.623161 -0.040779 0.000609 0.002489 -0.242411 0.970170
1753909256.503456 -0.483067 -0.626265 -0.040815 0.000720 0.002524 -0.268214 0.963356
1753909257.203781 -0.467909 -0.636210 -0.040923 0.000962 0.002959 -0.294252 0.955723
1753909257.270478 -0.463857 -0.638707 -0.040952 0.000962 0.002959 -0.294252 0.955723
1753909257.870757 -0.456009 -0.644042 -0.041011 0.001085 0.003194 -0.338148 0.941087
1753909258.604431 -0.448058 -0.652386 -0.041095 0.001277 0.003460 -0.405211 0.914216
1753909258.971267 -0.440381 -0.660712 -0.041180 0.001375 0.003753 -0.405284 0.914182
1753909259.304755 -0.429913 -0.672083 -0.041303 0.001371 0.003859 -0.405067 0.914278
1753909259.671593 -0.416947 -0.685848 -0.041460 0.001642 0.003812 -0.404243 0.914642
1753909260.305220 -0.400762 -0.702821 -0.041637 0.002100 0.002292 -0.403704 0.914884
1753909261.072243 -0.377198 -0.728224 -0.041819 0.002733 0.001642 -0.403571 0.914943
1753909261.205638 -0.370659 -0.735155 -0.041867 0.002629 0.001530 -0.403870 0.914811
1753909261.772567 -0.358021 -0.748529 -0.041959 0.002789 0.001766 -0.403196 0.915108
1753909261.972660 -0.356032 -0.751190 -0.041978 0.002950 0.001913 -0.415886 0.909410
1753909262.306148 -0.354367 -0.753179 -0.041992 0.002929 0.001698 -0.457322 0.889295
1753909262.606288 -0.346472 -0.763848 -0.042075 0.003044 0.002010 -0.456590 0.889670
1753909263.306612 -0.329603 -0.787052 -0.042254 0.002915 0.001909 -0.458203 0.888841
1753909263.573403 -0.323890 -0.794567 -0.042310 0.002796 0.002073 -0.456442 0.889747
1753909263.840193 -0.314465 -0.807013 -0.042407 0.002796 0.002073 -0.456442 0.889747
1753909264.573867 -0.298044 -0.828596 -0.042574 0.002713 0.002185 -0.456142 0.889900
1753909265.107448 -0.283150 -0.848528 -0.042738 0.002833 0.003452 -0.456462 0.889732
1753909265.307541 -0.278511 -0.854861 -0.042837 0.003770 0.005533 -0.456066 0.889921
1753909265.941169 -0.264104 -0.874364 -0.043152 0.003711 0.005122 -0.455946 0.889985
1753909266.374703 -0.254474 -0.887306 -0.043333 0.003274 0.004187 -0.455612 0.890163
1753909267.208424 -0.233013 -0.916436 -0.043661 0.002706 0.003013 -0.455255 0.890352
1753909267.308470 -0.230181 -0.919913 -0.043696 0.002706 0.003013 -0.455255 0.890352
1753909267.508562 -0.223651 -0.928695 -0.043770 0.002452 0.001988 -0.454311 0.890837
1753909267.775353 -0.218852 -0.935097 -0.043809 0.002788 0.000699 -0.453135 0.891437
1753909268.775817 -0.195136 -0.967119 -0.043862 -0.000065 -0.001069 -0.457579 0.889168
1753909268.909212 -0.191453 -0.971982 -0.043849 -0.000067 -0.001200 -0.454325 0.890835
1753909269.909677 -0.165852 -1.005079 -0.043783 0.000274 -0.000503 -0.454318 0.890839
1753909270.009723 -0.163362 -1.008408 -0.043781 0.000491 -0.000334 -0.454016 0.890993
1753909270.610002 -0.152577 -1.023032 -0.043780 0.000395 0.000050 -0.455410 0.890282
1753909270.843443 -0.152349 -1.023318 -0.043781 0.000368 0.000066 -0.455775 0.890095
1753909271.310326 -0.152360 -1.023301 -0.043781 0.000368 0.000066 -0.455775 0.890095
1753909271.643815 -0.152360 -1.023301 -0.043781 0.000368 0.000066 -0.455775 0.890095
